1.0000	0.239114	0.256836	0.241370	0.253292	0.233637	0.233314	0.423419	0.214304	0.232992	0.241370	0.268758	0.746275	0.228803	0.412464
2.0000	0.201093	0.234603	0.249747	0.223004	0.230415	0.207538	0.429541	0.241048	0.215915	0.232348	0.293246	0.717598	0.247170	0.403442
3.0000	0.244914	0.249425	0.240725	0.261669	0.240081	0.226226	0.407631	0.194971	0.212693	0.252325	0.288090	0.730809	0.254580	0.411497
4.0000	0.247814	0.224937	0.211726	0.232670	0.215915	0.250714	0.412142	0.205282	0.247492	0.285190	0.288735	0.744342	0.211726	0.413431
5.0000	0.200127	0.222681	0.219459	0.223648	0.239114	0.216237	0.412786	0.232026	0.198516	0.259414	0.292279	0.753364	0.165328	0.418586
6.0000	0.236214	0.241048	0.269724	0.192716	0.231703	0.223326	0.417297	0.202382	0.221070	0.261025	0.305490	0.746919	0.230092	0.403120
7.0000	0.223648	0.213337	0.221715	0.271335	0.240081	0.228481	0.434374	0.203671	0.244914	0.246847	0.316123	0.792351	0.214304	0.415364
8.0000	0.232670	0.265213	0.327722	0.263280	0.237503	0.216237	0.405053	0.219782	0.197227	0.289701	0.255869	0.739508	0.214626	0.411175
9.0000	0.186916	0.209793	0.186272	0.214626	0.219782	0.204638	0.411820	0.218493	0.219782	0.255547	0.278102	0.738864	0.202060	0.379921
10.0000	0.277780	0.190460	0.208182	0.223004	0.219459	0.211404	0.428575	0.212693	0.223326	0.258769	0.278424	0.724042	0.230737	0.371543
11.0000	0.203671	0.222037	0.214626	0.225259	0.257158	0.199482	0.400864	0.220104	0.192071	0.303234	0.293890	0.669589	0.190460	0.416008
12.0000	0.218493	0.211726	0.231059	0.236859	0.236859	0.201738	0.395709	0.203993	0.203993	0.251358	0.306456	0.618679	0.210760	0.419553
13.0000	0.232670	0.196905	0.219137	0.229448	0.215271	0.245558	0.478517	0.217848	0.139873	0.284224	0.347699	0.776241	0.221393	0.411820
14.0000	0.185305	0.248781	0.212371	0.213337	0.259414	0.239114	0.456607	0.206571	0.256836	0.283257	0.291635	0.769796	0.175316	0.400220
15.0000	0.203349	0.176605	0.259736	0.219459	0.259091	0.218493	0.409242	0.210437	0.216559	0.286479	0.249747	0.758841	0.171128	0.411497
